# Copyright SIL International 2009 - 2021.
# This file is part of SooSL. 
# SooSL is free software: you can redistribute it and/or modify
# it under the terms of the GNU General Public License as published by
# the Free Software Foundation, either version 3 of the License, or
# (at your option) any later version. 
# SooSL is distributed in the hope that it will be useful,
# but WITHOUT ANY WARRANTY; without even the implied warranty of
# MERCHANTABILITY or FITNESS FOR A PARTICULAR PURPOSE.  See the
# GNU General Public License for more details. 
# You should have received a copy of the GNU General Public License
# along with SooSL.  If not, see <http://www.gnu.org/licenses/>.
#
# Component Code Conversions for SooSL 0.8.4 
# old code, new code
2ff,5f4
300,5f4
301,2ff
302,2ff
303,2ff
304,2ff
305,2ff
306,2ff
307,2ff
308,2ff
309,2ff
30a,30a
30b,30a
30c,30a
30d,30a
30e,30a
30f,30a
310,30a
311,30a
312,670
313,30a
314,314
315,314
316,314
317,314
318,314
319,314
31a,314
31b,314
31c,314
31d,314
31e,314
31f,314
320,314
321,314
322,314
323,314
324,314
325,314
326,314
327,314
328,314
329,314
32a,32a
32b,32a
32c,32a
32d,32a
32e,32a
32f,32a
330,638
331,618
332,618
333,331
334,331
335,335
336,335
337,335
338,335
339,370
33a,370
33b,335
33c,335
33d,335
33e,335
33f,335
340,335
341,335
342,335
343,335
344,335
345,335
346,335
347,335
348,335
349,335
34a,335
34b,335
34c,335
34d,335
34e,335
34f,335
350,335
351,335
352,335
353,335
354,335
355,335
356,335
357,335
358,335
359,335
35a,335
35b,335
35c,335
35d,335
35e,335
35f,335
360,335
361,335
362,335
363,335
364,335
365,335
366,335
367,335
368,368
369,368
36a,5c0
36b,682
36c,000
#
# Component Code Conversions for SooSL 0.8.7  
# old code, new code [,new code...]
205,1030,1028
206,1030,1029
207,1030,1028
208,1031,1028
209,1031,1029
20a,1031,1028
20b,1032,1028
20c,1032,1029
20d,1032,1028
20e,1033,1028
20f,1033,1029
210,1033,1028
211,1034,1028
212,1034,1029
213,1034,1028
214,000
215,000
216,1010,1028
217,1010,1028
218,1010,1029
219,1010,1029
21a,1010,1029
21b,1010,1028
21c,1010,1028
21d,1010,1029
21e,1010,1029
21f,1010,1029
220,1010,1029
221,1010,1028
222,1010,1028
223,1010,1029
224,1010,1029
225,1010,1029
226,1010,1029
227,1010,1028
228,1010,1028
229,1010,1028
22a,1012,1021,1028
22b,1012,1021,1028
22c,1012,1021,1028
22d,1012,1021,1028
22e,1011,1028
22f,1012,1021,1029
230,1011,1029
231,1012,1021,1029
232,1011,1029
233,1012,1024,1028
234,1012,1021,1029
235,1011,1029
236,1012,1021,1029
237,1011,1029
238,1012,1024,1028
239,1012,1024,1028
23a,1012,1024,1028
23b,1012,1024,1028
23c,1012,1024,1028
23d,1012,1024,1028
23e,1012,1011,1024,1028
23f,1012,1024,1028
240,1012,1024,1028
241,1012,1024,1028
242,1012,1024,1028
243,1012,1024,1028
244,1012,1024,1028
245,1012,1024,1028
246,1012,1024,1028
247,1012,1024,1028
248,1012,1024,1028
249,1012,1024,1028
24a,1012,1024,1028
24b,1012,1011,1021,1028
24c,1012,1011,1021,1029
24d,1012,1011,1021,1029
24e,1012,1011,1021,1028
24f,1012,1011,1021,1029
250,1012,1011,1021,1029
251,1012,1011,1021,1029
252,1012,1024,1028
253,1012,1024,1029
254,1012,1024,1029
255,1012,1021,1028
256,1012,1021,1028
257,1012,1021,1028
258,1012,1021,1028
259,1012,1021,1028
25a,1012,1021,1028
25b,1012,1021,1028
25c,1012,1021,1028
25d,1012,1021,1028
25e,1012,1021,1028
25f,1012,1021,1028
260,1012,1021,1028
261,1012,1021,1028
262,1012,1021,1028
263,1012,1021,1028
264,1012,1021,1028
265,1012,1021,1028
266,1012,1021,1028
267,1012,1021,1028
268,1012,1021,1028
269,1011,1028
26a,1012,1021,1029
26b,1011,1029
26c,1012,1021,1029
26d,1011,1029
26e,1012,1024,1028
26f,1012,1021,1029
270,1011,1029
271,1012,1021,1029
272,1011,1029
273,1012,1024,1028
274,1012,1024,1028
275,1012,1024,1028
276,1012,1024,1028
277,1012,1024,1028
278,1012,1024,1028
279,1012,1024,1028
27a,1012,1024,1028
27b,1012,1024,1028
27c,1012,1024,1028
27d,1012,1024,1028
27e,1012,1024,1028
27f,1012,1024,1028
280,1012,1024,1028
281,1012,1011,1021,1028
282,1012,1011,1021,1029
283,1012,1011,1021,1029
284,1012,1011,1021,1028
285,1012,1011,1021,1029
286,1012,1011,1021,1029
287,1012,1011,1021,1029
288,1012,1022,1028
289,1012,1022,1028
28a,1012,1022,1028
28b,1012,1022,1028
28c,1012,1022,1028
28d,1012,1022,1028
28e,1012,1022,1028
28f,1012,1022,1028
290,1012,1022,1028
291,1012,1022,1028
292,1012,1022,1029
293,1012,1022,1029
294,1012,1022,1029
295,1012,1024,1028
296,1012,1024,1028
297,1012,1024,1028
298,1012,1024,1029
299,1012,1024,1028
29a,1012,1024,1028
29b,1012,1024,1028
29c,1012,1024,1028
29d,1012,1024,1028
29e,1012,1024,1028
29f,1012,1024,1028
2a0,1012,1024,1028
2a1,1012,1024,1028
2a2,1011,1028
2a3,1011,1029
2a4,1011,1029
2a5,1011,1029
2a6,1012,1022,1028
2a7,1012,1022,1029
2a8,1012,1024,1028
2a9,1012,1024,1028
2aa,1012,1011,1028
2ab,1012,1011,1029
2ac,1012,1011,1029
2ad,1012,1022,1028
2ae,1012,1022,1029
2af,1012,1024,1028
2b0,1012,1024,1028
2b1,1012,1011,1028
2b2,1012,1011,1029
2b3,1012,1011,1029
2b4,1012,1024,1028
2b5,1012,1024,1028
2b6,1012,1024,1028
2b7,1012,1022,1028
2b8,1012,1022,1028
2b9,1012,1022,1029
2ba,1012,1022,1029
2bb,1012,1022,1029
2bc,1012,1022,1029
2bd,1012,1024,1028
2be,1012,1024,1028
2bf,1012,1024,1029
2c0,1012,1024,1029
2c1,1012,1024,1028
2c2,1012,1024,1028
2c3,1011,1028
2c4,1011,1029
2c5,1011,1029
2c6,1012,1022,1028
2c7,1012,1022,1028
2c8,1012,1022,1029
2c9,1012,1022,1029
2ca,1012,1022,1029
2cb,1012,1022,1029
2cc,1012,1024,1028
2cd,1012,1024,1028
2ce,1012,1024,1029
2cf,1012,1024,1029
2d0,1012,1024,1028
2d1,1012,1024,1028
2d2,1011,1028
2d3,1011,1029
2d4,1011,1029
2d5,1012,1022,1028
2d6,1012,1022,1028
2d7,1012,1022,1028
2d8,1012,1022,1028
2d9,1012,1022,1028
2da,1012,1022,1029
2db,1012,1024,1028
2dc,1012,1024,1028
2dd,1012,1024,1028
2de,1012,1024,1028
2df,1011,1028
2e0,1011,1029
2e1,1011,1029
2e2,1011,1029
2e3,1012,1023,1028
2e4,1012,1023,1028
2e5,1012,1023,1029
2e6,1012,1023,1029
2e7,1012,1023,1028
2e8,1012,1023,1028
2e9,1012,1023,1028
2ea,1012,1023,1029
2eb,1012,1023,1029
2ec,1012,1023,1029
2ed,1011,1028
2ee,1011,1029
2ef,1011,1028
2f0,1011,1029
2f1,1010,1028
2f2,1010,1029
2f3,1010,1028
2f4,1010,1029
2f5,000
2f6,000
2f7,102a
2f8,102b
2f9,102c
2fa,102d
2fb,000
2fc,1003
2fd,1003
2fe,102b
102a_000,102a
102b_000,102b
102c_000,102c
102d_000,102d
1032_000,1032
1033_000,1033
1034_000,1034
#missed out; 0.8.11
504,500